004880
007920
008604
009453
015639
015917
026512
027979
029906
037108
038511
040453
041351
049907
051028
065995
071727
080891
086646
091759
095007
096661
097432
107404
115101
127100
135781
139139
141634
161015
165057
167078
174100
176503
177008
188420
192925
197286
197811
200341
202165
203940
213374
216919
217233
218552
233194
235994
243914
270161
298731
299639
311779
313895
314666
343799
351024
353060
371344
387150
404281
406312
414836
415895
430432
430917
431177
434513
437710
437870
439393
450651
459420
474402
482251
483536
485355
488984
489303
501272
520303
524853
526706
530996
533522
534531
542451
544927
549850
553185
564626
570209
592684
599472
605231
606258
613707
628123
628561
635978
645518
650709
656351
664735
667571
670826
671990
675706
680618
687476
692379
694197
697698
707855
714475
716327
716929
721342
740187
747004
752923
764614
767959
773218
778659
782449
786366
789505
794502
797284
798574
800338
811730
821996
824247
826372
827190
847696
868093
868259
872384
875315
877730
883144
888575
897846
905710
911762
914713
917099
921603
937808
947381
964321
966008
974337
976576
980767
992942
996664
